Surface: 1.77966429e+02,  -3.53426124e+02, -7.11029368e+02, 1.55022508e+03,1.23312255e+03, -2.79856595e+03,  -1.27728011e+03 ,  2.63397139e+03,8.99897694e+02, -1.33172918e+03,  -4.20298712e+02 ,  3.22168840e+02,1.06815559e+02, -2.00434922e+01,  -9.08213688e+00 , -3.27351426e+00,-2.69166718e-01,   7.26558324e-01 ,  6.97408625e-01 
10 Msun: 3.961402283022046089e+07,-4.351867854449765086e+08,2.147303741059815407e+09,-6.266732760065526962e+09, 1.197919150909244919e+10, -1.567192923510928726e+10,1.421074824516154289e+10, -8.818886764457748413e+09, 3.584567007362596989e+09, -8.617293480974307060e+08,9.304036782282392681e+07
3 Msun: 7.518217348244895693e+05,-8.409967357623681426e+06,4.267777938699932396e+07,-1.298631642706123143e+08,2.637850782003070116e+08,-3.766599883494038582e+08,3.875293214337676167e+08,-2.893623475809110403e+08,1.555787123703330755e+08,-5.872643989607611299e+07,1.477007319995835610e+07,-2.222109282550843433e+06,1.512303533054032596e+05
1 Msun: 8.819926372671248828e+03,-6.999892912480114319e+04,2.427831430257693573e+05,-4.832629769955569645e+05,6.097969580329561140e+05,-5.088010566869410104e+05,2.844128888291517505e+05,-1.057414169905550807e+05,2.546593572676233453e+04,-3.779608993010929225e+03,3.177512022287033915e+02,-1.368026892656028437e+01,8.180431819588337428e-01
0.3 Msun: -6.735416069027118283e+03,4.300760151559693622e+04,-1.025092721630931483e+05,9.194192272849287838e+04,3.385849043920208351e+04,-1.198475865199879190e+05,4.761572099063479254e+04,4.588016960493331135e+04,-3.549232039901651297e+04,-6.557473606139485128e+03,1.012143771053818637e+04,-1.365319930804761883e+00,-1.468227524272814890e+03,8.680197030863217833e+01,1.109089893039130885e+02,-8.110433285655817670e+00,-4.038999494267584645e+00,9.821357068390897116e-02,2.285364245138996886e-01
0.1 Msun: 5.934451193243488021e+00,-4.467177743901364018e+00,-1.445551327791465113e+01,6.688324546053003417e+00,9.050785475143168668e+00,-4.976206737236632094e+00,-2.867148614103817383e+00,7.266416461578436570e-01,1.215503711943338061e+00,2.243994801906383507e-02,-5.967645925595872480e-01,-1.198863369487404851e-01,-4.356556209939269064e-02
0.03 Msun: 2.337918070709096519e+00,-8.983406787652619130e+00,-1.959593977957294086e+01,2.716560069674334610e+00,1.437584351211434708e+01,7.101749236992466185e-02,-3.065783838638380221e+00,-3.398221452844236989e-02,-2.175920714735447015e-01,-8.721080390867752552e-02,-3.069944202890072527e-01



